image_width: 2592
image_height: 1944
camera_name: camera0001
camera_matrix:
  rows: 3
  cols: 3
  data: [2306.674079, 0, 1359.036907, 0, 2297.932654, 1070.781509, 0, 0, 1]
distortion_model: plumb_bob
distortion_coefficients:
  rows: 1
  cols: 4
  data: [-0.085153, -0.036937, 0.009096, 0.020464]
rectification_matrix:
  rows: 3
  cols: 3
  data: [1, 0, 0, 0, 1, 0, 0, 0, 1]
projection_matrix:
  rows: 3
  cols: 4
  data: [2306.674079, 0, 1359.036907, 0, 0, 2297.932654, 1070.781509, 0, 0, 0, 1, 0]