image_width: 2592
image_height: 1944
camera_name: camera0001
camera_matrix:
  rows: 3
  cols: 3
  data: [2307.154295, 0, 1362.314339, 0, 2299.420209, 1115.581111, 0, 0, 1]
distortion_model: plumb_bob
distortion_coefficients:
  rows: 1
  cols: 4
  data: [-0.070026, -0.127184, 0.231912, -0.168761]
rectification_matrix:
  rows: 3
  cols: 3
  data: [1, 0, 0, 0, 1, 0, 0, 0, 1]
projection_matrix:
  rows: 3
  cols: 4
  data: [2307.154295, 0, 1362.314339, 0, 0, 2299.420209, 1115.581111, 0, 0, 0, 1, 0]
camera_frame:
  q: [-82.61, -589.37, 3.99, -0.00016, -0.00429, 0.00207, 0.99999]
  # Marker position with respect to tool flange: [0.7, -0.8, 68.6]
  # Average error: 0.43mm
