image_width: 2592
image_height: 1944
camera_name: camera0001
camera_matrix:
  rows: 3
  cols: 3
  data: [2307.261861, 0, 1384.423663, 0, 2297.852776, 1164.155064, 0, 0, 1]
distortion_model: plumb_bob
distortion_coefficients:
  rows: 1
  cols: 4
  data: [-0.086517, -0.060809, 0.102479, -0.075601]
rectification_matrix:
  rows: 3
  cols: 3
  data: [1, 0, 0, 0, 1, 0, 0, 0, 1]
projection_matrix:
  rows: 3
  cols: 4
  data: [2307.261861, 0, 1384.423663, 0, 0, 2297.852776, 1164.155064, 0, 0, 0, 1, 0]
camera_frame:
  q: [72.38, -590.43, 4.20, 0.00183, -0.00449, -0.00158, 0.99999]
  # Marker position with respect to tool flange: [0.7, -0.8, 69.3]
  # Average error: 0.45mm
